0000000000000
0000000000001
0000000000010
0000000000011
0000000000100
0000000000101
0000000000110
0000000000111
0000000001000
0000000001001
0000000001100
0000000001101
0000000010000
0000000010001
0000000010010
0000000010011
0000000010100
0000000010101
0000000010110
0000000010111
0000000011000
0000000011001
0000000011100
0000000011101
0000000100000
0000000100001
0000000100010
0000000100011
0000000100100
0000000100101
0000000100110
0000000100111
0000000101000
0000000101001
0000000101100
0000000101101
0000000110000
0000000110001
0000000110010
0000000110011
0000000110100
0000000110101
0000000110110
0000000110111
0000000111000
0000000111001
0000000111100
0000000111101
0000001000000
0000001000001
0000001000010
0000001000011
0000001000100
0000001000101
0000001000110
0000001000111
0000001001000
0000001001001
0000001001100
0000001001101
0000001010000
0000001010001
0000001010010
0000001010011
0000001010100
0000001010101
0000001010110
0000001010111
0000001011000
0000001011001
0000001011100
0000001011101
0000001100000
0000001100001
0000001100010
0000001100011
0000001100100
0000001100101
0000001100110
0000001100111
0000001101000
0000001101001
0000001101100
0000001101101
0000001110000
0000001110001
0000001110010
0000001110011
0000001110100
0000001110101
0000001110110
0000001110111
0000001111000
0000001111001
0000001111100
0000001111101
0000010000000
0000010000001
0000010000010
0000010000011
0000010000100
0000010000101
0000010000110
0000010000111
0000010001000
0000010001001
0000010001100
0000010001101
0000010010000
0000010010001
0000010010010
0000010010011
0000010010100
0000010010101
0000010010110
0000010010111
0000010011000
0000010011001
0000010011100
0000010011101
0000010100000
0000010100001
0000010100010
0000010100011
0000010100100
0000010100101
0000010100110
0000010100111
0000010101000
0000010101001
0000010101100
0000010101101
0000010110000
0000010110001
0000010110010
0000010110011
0000010110100
0000010110101
0000010110110
0000010110111
0000010111000
0000010111001
0000010111100
0000010111101
0000011000000
0000011000001
0000011000010
0000011000011
0000011000100
0000011000101
0000011000110
0000011000111
0000011001000
0000011001001
0000011001100
0000011001101
0000011010000
0000011010001
0000011010010
0000011010011
0000011010100
0000011010101
0000011010110
0000011010111
0000011011000
0000011011001
0000011011100
0000011011101
0000011100000
0000011100001
0000011100010
0000011100011
0000011100100
0000011100101
0000011100110
0000011100111
0000011101000
0000011101001
0000011101100
0000011101101
0000011110000
0000011110001
0000011110010
0000011110011
0000011110100
0000011110101
0000011110110
0000011110111
0000011111000
0000011111001
0000011111100
0000011111101
0001000000000
0001000000001
0001000000010
0001000000011
0001000000100
0001000000101
0001000000110
0001000000111
0001000001000
0001000001001
0001000001100
0001000001101
0001000010000
0001000010001
0001000010010
0001000010011
0001000010100
0001000010101
0001000010110
0001000010111
0001000011000
0001000011001
0001000011100
0001000011101
0001000100000
0001000100001
0001000100010
0001000100011
0001000100100
0001000100101
0001000100110
0001000100111
0001000101000
0001000101001
0001000101100
0001000101101
0001000110000
0001000110001
0001000110010
0001000110011
0001000110100
0001000110101
0001000110110
0001000110111
0001000111000
0001000111001
0001000111100
0001000111101
0001001000000
0001001000001
0001001000010
0001001000011
0001001000100
0001001000101
0001001000110
0001001000111
0001001001000
0001001001001
0001001001100
0001001001101
0001001010000
0001001010001
0001001010010
0001001010011
0001001010100
0001001010101
0001001010110
0001001010111
0001001011000
0001001011001
0001001011100
0001001011101
0001001100000
0001001100001
0001001100010
0001001100011
0001001100100
0001001100101
0001001100110
0001001100111
0001001101000
0001001101001
0001001101100
0001001101101
0001001110000
0001001110001
0001001110010
0001001110011
0001001110100
0001001110101
0001001110110
0001001110111
0001001111000
0001001111001
0001001111100
0001001111101
0001100000000
0001100000001
0001100000010
0001100000011
0001100000100
0001100000101
0001100000110
0001100000111
0001100001000
0001100001001
0001100001100
0001100001101
0001100010000
0001100010001
0001100010010
0001100010011
0001100010100
0001100010101
0001100010110
0001100010111
0001100011000
0001100011001
0001100011100
0001100011101
0001100100000
0001100100001
0001100100010
0001100100011
0001100100100
0001100100101
0001100100110
0001100100111
0001100101000
0001100101001
0001100101100
0001100101101
0001100110000
0001100110001
0001100110010
0001100110011
0001100110100
0001100110101
0001100110110
0001100110111
0001100111000
0001100111001
0001100111100
0001100111101
0001101000000
0001101000001
0001101000010
0001101000011
0001101000100
0001101000101
0001101000110
0001101000111
0001101001000
0001101001001
0001101001100
0001101001101
0001101010000
0001101010001
0001101010010
0001101010011
0001101010100
0001101010101
0001101010110
0001101010111
0001101011000
0001101011001
0001101011100
0001101011101
0001101100000
0001101100001
0001101100010
0001101100011
0001101100100
0001101100101
0001101100110
0001101100111
0001101101000
0001101101001
0001101101100
0001101101101
0001101110000
0001101110001
0001101110010
0001101110011
0001101110100
0001101110101
0001101110110
0001101110111
0001101111000
0001101111001
0001101111100
0001101111101
0010000000000
0010000000001
0010000000010
0010000000011
0010000000100
0010000000101
0010000000110
0010000000111
0010000001000
0010000001001
0010000001100
0010000001101
0010000010000
0010000010001
0010000010010
0010000010011
0010000010100
0010000010101
0010000010110
0010000010111
0010000011000
0010000011001
0010000011100
0010000011101
0010000100000
0010000100001
0010000100010
0010000100011
0010000100100
0010000100101
0010000100110
0010000100111
0010000101000
0010000101001
0010000101100
0010000101101
0010000110000
0010000110001
0010000110010
0010000110011
0010000110100
0010000110101
0010000110110
0010000110111
0010000111000
0010000111001
0010000111100
0010000111101
0010001000000
0010001000001
0010001000010
0010001000011
0010001000100
0010001000101
0010001000110
0010001000111
0010001001000
0010001001001
0010001001100
0010001001101
0010001010000
0010001010001
0010001010010
0010001010011
0010001010100
0010001010101
0010001010110
0010001010111
0010001011000
0010001011001
0010001011100
0010001011101
0010001100000
0010001100001
0010001100010
0010001100011
0010001100100
0010001100101
0010001100110
0010001100111
0010001101000
0010001101001
0010001101100
0010001101101
0010001110000
0010001110001
0010001110010
0010001110011
0010001110100
0010001110101
0010001110110
0010001110111
0010001111000
0010001111001
0010001111100
0010001111101
0010010000000
0010010000001
0010010000010
0010010000011
0010010000100
0010010000101
0010010000110
0010010000111
0010010001000
0010010001001
0010010001100
0010010001101
0010010010000
0010010010001
0010010010010
0010010010011
0010010010100
0010010010101
0010010010110
0010010010111
0010010011000
0010010011001
0010010011100
0010010011101
0010010100000
0010010100001
0010010100010
0010010100011
0010010100100
0010010100101
0010010100110
0010010100111
0010010101000
0010010101001
0010010101100
0010010101101
0010010110000
0010010110001
0010010110010
0010010110011
0010010110100
0010010110101
0010010110110
0010010110111
0010010111000
0010010111001
0010010111100
0010010111101
0010011000000
0010011000001
0010011000010
0010011000011
0010011000100
0010011000101
0010011000110
0010011000111
0010011001000
0010011001001
0010011001100
0010011001101
0010011010000
0010011010001
0010011010010
0010011010011
0010011010100
0010011010101
0010011010110
0010011010111
0010011011000
0010011011001
0010011011100
0010011011101
0010011100000
0010011100001
0010011100010
0010011100011
0010011100100
0010011100101
0010011100110
0010011100111
0010011101000
0010011101001
0010011101100
0010011101101
0010011110000
0010011110001
0010011110010
0010011110011
0010011110100
0010011110101
0010011110110
0010011110111
0010011111000
0010011111001
0010011111100
0010011111101
0011000000000
0011000000001
0011000000010
0011000000011
0011000000100
0011000000101
0011000000110
0011000000111
0011000001000
0011000001001
0011000001100
0011000001101
0011000010000
0011000010001
0011000010010
0011000010011
0011000010100
0011000010101
0011000010110
0011000010111
0011000011000
0011000011001
0011000011100
0011000011101
0011000100000
0011000100001
0011000100010
0011000100011
0011000100100
0011000100101
0011000100110
0011000100111
0011000101000
0011000101001
0011000101100
0011000101101
0011000110000
0011000110001
0011000110010
0011000110011
0011000110100
0011000110101
0011000110110
0011000110111
0011000111000
0011000111001
0011000111100
0011000111101
0011001000000
0011001000001
0011001000010
0011001000011
0011001000100
0011001000101
0011001000110
0011001000111
0011001001000
0011001001001
0011001001100
0011001001101
0011001010000
0011001010001
0011001010010
0011001010011
0011001010100
0011001010101
0011001010110
0011001010111
0011001011000
0011001011001
0011001011100
0011001011101
0011001100000
0011001100001
0011001100010
0011001100011
0011001100100
0011001100101
0011001100110
0011001100111
0011001101000
0011001101001
0011001101100
0011001101101
0011001110000
0011001110001
0011001110010
0011001110011
0011001110100
0011001110101
0011001110110
0011001110111
0011001111000
0011001111001
0011001111100
0011001111101
0011100000000
0011100000001
0011100000010
0011100000011
0011100000100
0011100000101
0011100000110
0011100000111
0011100001000
0011100001001
0011100001100
0011100001101
0011100010000
0011100010001
0011100010010
0011100010011
0011100010100
0011100010101
0011100010110
0011100010111
0011100011000
0011100011001
0011100011100
0011100011101
0011100100000
0011100100001
0011100100010
0011100100011
0011100100100
0011100100101
0011100100110
0011100100111
0011100101000
0011100101001
0011100101100
0011100101101
0011100110000
0011100110001
0011100110010
0011100110011
0011100110100
0011100110101
0011100110110
0011100110111
0011100111000
0011100111001
0011100111100
0011100111101
0011101000000
0011101000001
0011101000010
0011101000011
0011101000100
0011101000101
0011101000110
0011101000111
0011101001000
0011101001001
0011101001100
0011101001101
0011101010000
0011101010001
0011101010010
0011101010011
0011101010100
0011101010101
0011101010110
0011101010111
0011101011000
0011101011001
0011101011100
0011101011101
0011101100000
0011101100001
0011101100010
0011101100011
0011101100100
0011101100101
0011101100110
0011101100111
0011101101000
0011101101001
0011101101100
0011101101101
0011101110000
0011101110001
0011101110010
0011101110011
0011101110100
0011101110101
0011101110110
0011101110111
0011101111000
0011101111001
0011101111100
0011101111101
0100000000000
0100000000001
0100000000010
0100000000011
0100000000100
0100000000101
0100000000110
0100000000111
0100000001000
0100000001001
0100000001100
0100000001101
0100000010000
0100000010001
0100000010010
0100000010011
0100000010100
0100000010101
0100000010110
0100000010111
0100000011000
0100000011001
0100000011100
0100000011101
0100000100000
0100000100001
0100000100010
0100000100011
0100000100100
0100000100101
0100000100110
0100000100111
0100000101000
0100000101001
0100000101100
0100000101101
0100000110000
0100000110001
0100000110010
0100000110011
0100000110100
0100000110101
0100000110110
0100000110111
0100000111000
0100000111001
0100000111100
0100000111101
0100001000000
0100001000001
0100001000010
0100001000011
0100001000100
0100001000101
0100001000110
0100001000111
0100001001000
0100001001001
0100001001100
0100001001101
0100001010000
0100001010001
0100001010010
0100001010011
0100001010100
0100001010101
0100001010110
0100001010111
0100001011000
0100001011001
0100001011100
0100001011101
0100001100000
0100001100001
0100001100010
0100001100011
0100001100100
0100001100101
0100001100110
0100001100111
0100001101000
0100001101001
0100001101100
0100001101101
0100001110000
0100001110001
0100001110010
0100001110011
0100001110100
0100001110101
0100001110110
0100001110111
0100001111000
0100001111001
0100001111100
0100001111101
0100010000000
0100010000001
0100010000010
0100010000011
0100010000100
0100010000101
0100010000110
0100010000111
0100010001000
0100010001001
0100010001100
0100010001101
0100010010000
0100010010001
0100010010010
0100010010011
0100010010100
0100010010101
0100010010110
0100010010111
0100010011000
0100010011001
0100010011100
0100010011101
0100010100000
0100010100001
0100010100010
0100010100011
0100010100100
0100010100101
0100010100110
0100010100111
0100010101000
0100010101001
0100010101100
0100010101101
0100010110000
0100010110001
0100010110010
0100010110011
0100010110100
0100010110101
0100010110110
0100010110111
0100010111000
0100010111001
0100010111100
0100010111101
0100011000000
0100011000001
0100011000010
0100011000011
0100011000100
0100011000101
0100011000110
0100011000111
0100011001000
0100011001001
0100011001100
0100011001101
0100011010000
0100011010001
0100011010010
0100011010011
0100011010100
0100011010101
0100011010110
0100011010111
0100011011000
0100011011001
0100011011100
0100011011101
0100011100000
0100011100001
0100011100010
0100011100011
0100011100100
0100011100101
0100011100110
0100011100111
0100011101000
0100011101001
0100011101100
0100011101101
0100011110000
0100011110001
0100011110010
0100011110011
0100011110100
0100011110101
0100011110110
0100011110111
0100011111000
0100011111001
0100011111100
0100011111101
0101000000000
0101000000001
0101000000010
0101000000011
0101000000100
0101000000101
0101000000110
0101000000111
0101000001000
0101000001001
0101000001100
0101000001101
0101000010000
0101000010001
0101000010010
0101000010011
0101000010100
0101000010101
0101000010110
0101000010111
0101000011000
0101000011001
0101000011100
0101000011101
0101000100000
0101000100001
0101000100010
0101000100011
0101000100100
0101000100101
0101000100110
0101000100111
0101000101000
0101000101001
0101000101100
0101000101101
0101000110000
0101000110001
0101000110010
0101000110011
0101000110100
0101000110101
0101000110110
0101000110111
0101000111000
0101000111001
0101000111100
0101000111101
0101001000000
0101001000001
0101001000010
0101001000011
0101001000100
0101001000101
0101001000110
0101001000111
0101001001000
0101001001001
0101001001100
0101001001101
0101001010000
0101001010001
0101001010010
0101001010011
0101001010100
0101001010101
0101001010110
0101001010111
0101001011000
0101001011001
0101001011100
0101001011101
0101001100000
0101001100001
0101001100010
0101001100011
0101001100100
0101001100101
0101001100110
0101001100111
0101001101000
0101001101001
0101001101100
0101001101101
0101001110000
0101001110001
0101001110010
0101001110011
0101001110100
0101001110101
0101001110110
0101001110111
0101001111000
0101001111001
0101001111100
0101001111101
0101100000000
0101100000001
0101100000010
0101100000011
0101100000100
0101100000101
0101100000110
0101100000111
0101100001000
0101100001001
0101100001100
0101100001101
0101100010000
0101100010001
0101100010010
0101100010011
0101100010100
0101100010101
0101100010110
0101100010111
0101100011000
0101100011001
0101100011100
0101100011101
0101100100000
0101100100001
0101100100010
0101100100011
0101100100100
0101100100101
0101100100110
0101100100111
0101100101000
0101100101001
0101100101100
0101100101101
0101100110000
0101100110001
0101100110010
0101100110011
0101100110100
0101100110101
0101100110110
0101100110111
0101100111000
0101100111001
0101100111100
0101100111101
0101101000000
0101101000001
0101101000010
0101101000011
0101101000100
0101101000101
0101101000110
0101101000111
0101101001000
0101101001001
0101101001100
0101101001101
0101101010000
0101101010001
0101101010010
0101101010011
0101101010100
0101101010101
0101101010110
0101101010111
0101101011000
0101101011001
0101101011100
0101101011101
0101101100000
0101101100001
0101101100010
0101101100011
0101101100100
0101101100101
0101101100110
0101101100111
0101101101000
0101101101001
0101101101100
0101101101101
0101101110000
0101101110001
0101101110010
0101101110011
0101101110100
0101101110101
0101101110110
0101101110111
0101101111000
0101101111001
0101101111100
0101101111101
0110000000000
0110000000001
0110000000010
0110000000011
0110000000100
0110000000101
0110000000110
0110000000111
0110000001000
0110000001001
0110000001100
0110000001101
0110000010000
0110000010001
0110000010010
0110000010011
0110000010100
0110000010101
0110000010110
0110000010111
0110000011000
0110000011001
0110000011100
0110000011101
0110000100000
0110000100001
0110000100010
0110000100011
0110000100100
0110000100101
0110000100110
0110000100111
0110000101000
0110000101001
0110000101100
0110000101101
0110000110000
0110000110001
0110000110010
0110000110011
0110000110100
0110000110101
0110000110110
0110000110111
0110000111000
0110000111001
0110000111100
0110000111101
0110001000000
0110001000001
0110001000010
0110001000011
0110001000100
0110001000101
0110001000110
0110001000111
0110001001000
0110001001001
0110001001100
0110001001101
0110001010000
0110001010001
0110001010010
0110001010011
0110001010100
0110001010101
0110001010110
0110001010111
0110001011000
0110001011001
0110001011100
0110001011101
0110001100000
0110001100001
0110001100010
0110001100011
0110001100100
0110001100101
0110001100110
0110001100111
0110001101000
0110001101001
0110001101100
0110001101101
0110001110000
0110001110001
0110001110010
0110001110011
0110001110100
0110001110101
0110001110110
0110001110111
0110001111000
0110001111001
0110001111100
0110001111101
0110010000000
0110010000001
0110010000010
0110010000011
0110010000100
0110010000101
0110010000110
0110010000111
0110010001000
0110010001001
0110010001100
0110010001101
0110010010000
0110010010001
0110010010010
0110010010011
0110010010100
0110010010101
0110010010110
0110010010111
0110010011000
0110010011001
0110010011100
0110010011101
0110010100000
0110010100001
0110010100010
0110010100011
0110010100100
0110010100101
0110010100110
0110010100111
0110010101000
0110010101001
0110010101100
0110010101101
0110010110000
0110010110001
0110010110010
0110010110011
0110010110100
0110010110101
0110010110110
0110010110111
0110010111000
0110010111001
0110010111100
0110010111101
0110011000000
0110011000001
0110011000010
0110011000011
0110011000100
0110011000101
0110011000110
0110011000111
0110011001000
0110011001001
0110011001100
0110011001101
0110011010000
0110011010001
0110011010010
0110011010011
0110011010100
0110011010101
0110011010110
0110011010111
0110011011000
0110011011001
0110011011100
0110011011101
0110011100000
0110011100001
0110011100010
0110011100011
0110011100100
0110011100101
0110011100110
0110011100111
0110011101000
0110011101001
0110011101100
0110011101101
0110011110000
0110011110001
0110011110010
0110011110011
0110011110100
0110011110101
0110011110110
0110011110111
0110011111000
0110011111001
0110011111100
0110011111101
0111000000000
0111000000001
0111000000010
0111000000011
0111000000100
0111000000101
0111000000110
0111000000111
0111000001000
0111000001001
0111000001100
0111000001101
0111000010000
0111000010001
0111000010010
0111000010011
0111000010100
0111000010101
0111000010110
0111000010111
0111000011000
0111000011001
0111000011100
0111000011101
0111000100000
0111000100001
0111000100010
0111000100011
0111000100100
0111000100101
0111000100110
0111000100111
0111000101000
0111000101001
0111000101100
0111000101101
0111000110000
0111000110001
0111000110010
0111000110011
0111000110100
0111000110101
0111000110110
0111000110111
0111000111000
0111000111001
0111000111100
0111000111101
0111001000000
0111001000001
0111001000010
0111001000011
0111001000100
0111001000101
0111001000110
0111001000111
0111001001000
0111001001001
0111001001100
0111001001101
0111001010000
0111001010001
0111001010010
0111001010011
0111001010100
0111001010101
0111001010110
0111001010111
0111001011000
0111001011001
0111001011100
0111001011101
0111001100000
0111001100001
0111001100010
0111001100011
0111001100100
0111001100101
0111001100110
0111001100111
0111001101000
0111001101001
0111001101100
0111001101101
0111001110000
0111001110001
0111001110010
0111001110011
0111001110100
0111001110101
0111001110110
0111001110111
0111001111000
0111001111001
0111001111100
0111001111101
0111100000000
0111100000001
0111100000010
0111100000011
0111100000100
0111100000101
0111100000110
0111100000111
0111100001000
0111100001001
0111100001100
0111100001101
0111100010000
0111100010001
0111100010010
0111100010011
0111100010100
0111100010101
0111100010110
0111100010111
0111100011000
0111100011001
0111100011100
0111100011101
0111100100000
0111100100001
0111100100010
0111100100011
0111100100100
0111100100101
0111100100110
0111100100111
0111100101000
0111100101001
0111100101100
0111100101101
0111100110000
0111100110001
0111100110010
0111100110011
0111100110100
0111100110101
0111100110110
0111100110111
0111100111000
0111100111001
0111100111100
0111100111101
0111101000000
0111101000001
0111101000010
0111101000011
0111101000100
0111101000101
0111101000110
0111101000111
0111101001000
0111101001001
0111101001100
0111101001101
0111101010000
0111101010001
0111101010010
0111101010011
0111101010100
0111101010101
0111101010110
0111101010111
0111101011000
0111101011001
0111101011100
0111101011101
0111101100000
0111101100001
0111101100010
0111101100011
0111101100100
0111101100101
0111101100110
0111101100111
0111101101000
0111101101001
0111101101100
0111101101101
0111101110000
0111101110001
0111101110010
0111101110011
0111101110100
0111101110101
0111101110110
0111101110111
0111101111000
0111101111001
0111101111100
0111101111101
1000000000000
1000000000001
1000000000010
1000000000011
1000000000100
1000000000101
1000000000110
1000000000111
1000000001000
1000000001001
1000000001100
1000000001101
1000000010000
1000000010001
1000000010010
1000000010011
1000000010100
1000000010101
1000000010110
1000000010111
1000000011000
1000000011001
1000000011100
1000000011101
1000000100000
1000000100001
1000000100010
1000000100011
1000000100100
1000000100101
1000000100110
1000000100111
1000000101000
1000000101001
1000000101100
1000000101101
1000000110000
1000000110001
1000000110010
1000000110011
1000000110100
1000000110101
1000000110110
1000000110111
1000000111000
1000000111001
1000000111100
1000000111101
1000001000000
1000001000001
1000001000010
1000001000011
1000001000100
1000001000101
1000001000110
1000001000111
1000001001000
1000001001001
1000001001100
1000001001101
1000001010000
1000001010001
1000001010010
1000001010011
1000001010100
1000001010101
1000001010110
1000001010111
1000001011000
1000001011001
1000001011100
1000001011101
1000001100000
1000001100001
1000001100010
1000001100011
1000001100100
1000001100101
1000001100110
1000001100111
1000001101000
1000001101001
1000001101100
1000001101101
1000001110000
1000001110001
1000001110010
1000001110011
1000001110100
1000001110101
1000001110110
1000001110111
1000001111000
1000001111001
1000001111100
1000001111101
1000010000000
1000010000001
1000010000010
1000010000011
1000010000100
1000010000101
1000010000110
1000010000111
1000010001000
1000010001001
1000010001100
1000010001101
1000010010000
1000010010001
1000010010010
1000010010011
1000010010100
1000010010101
1000010010110
1000010010111
1000010011000
1000010011001
1000010011100
1000010011101
1000010100000
1000010100001
1000010100010
1000010100011
1000010100100
1000010100101
1000010100110
1000010100111
1000010101000
1000010101001
1000010101100
1000010101101
1000010110000
1000010110001
1000010110010
1000010110011
1000010110100
1000010110101
1000010110110
1000010110111
1000010111000
1000010111001
1000010111100
1000010111101
1000011000000
1000011000001
1000011000010
1000011000011
1000011000100
1000011000101
1000011000110
1000011000111
1000011001000
1000011001001
1000011001100
1000011001101
1000011010000
1000011010001
1000011010010
1000011010011
1000011010100
1000011010101
1000011010110
1000011010111
1000011011000
1000011011001
1000011011100
1000011011101
1000011100000
1000011100001
1000011100010
1000011100011
1000011100100
1000011100101
1000011100110
1000011100111
1000011101000
1000011101001
1000011101100
1000011101101
1000011110000
1000011110001
1000011110010
1000011110011
1000011110100
1000011110101
1000011110110
1000011110111
1000011111000
1000011111001
1000011111100
1000011111101
1001000000000
1001000000001
1001000000010
1001000000011
1001000000100
1001000000101
1001000000110
1001000000111
1001000001000
1001000001001
1001000001100
1001000001101
1001000010000
1001000010001
1001000010010
1001000010011
1001000010100
1001000010101
1001000010110
1001000010111
1001000011000
1001000011001
1001000011100
1001000011101
1001000100000
1001000100001
1001000100010
1001000100011
1001000100100
1001000100101
1001000100110
1001000100111
1001000101000
1001000101001
1001000101100
1001000101101
1001000110000
1001000110001
1001000110010
1001000110011
1001000110100
1001000110101
1001000110110
1001000110111
1001000111000
1001000111001
1001000111100
1001000111101
1001001000000
1001001000001
1001001000010
1001001000011
1001001000100
1001001000101
1001001000110
1001001000111
1001001001000
1001001001001
1001001001100
1001001001101
1001001010000
1001001010001
1001001010010
1001001010011
1001001010100
1001001010101
1001001010110
1001001010111
1001001011000
1001001011001
1001001011100
1001001011101
1001001100000
1001001100001
1001001100010
1001001100011
1001001100100
1001001100101
1001001100110
1001001100111
1001001101000
1001001101001
1001001101100
1001001101101
1001001110000
1001001110001
1001001110010
1001001110011
1001001110100
1001001110101
1001001110110
1001001110111
1001001111000
1001001111001
1001001111100
1001001111101
1001100000000
1001100000001
1001100000010
1001100000011
1001100000100
1001100000101
1001100000110
1001100000111
1001100001000
1001100001001
1001100001100
1001100001101
1001100010000
1001100010001
1001100010010
1001100010011
1001100010100
1001100010101
1001100010110
1001100010111
1001100011000
1001100011001
1001100011100
1001100011101
1001100100000
1001100100001
1001100100010
1001100100011
1001100100100
1001100100101
1001100100110
1001100100111
1001100101000
1001100101001
1001100101100
1001100101101
1001100110000
1001100110001
1001100110010
1001100110011
1001100110100
1001100110101
1001100110110
1001100110111
1001100111000
1001100111001
1001100111100
1001100111101
1001101000000
1001101000001
1001101000010
1001101000011
1001101000100
1001101000101
1001101000110
1001101000111
1001101001000
1001101001001
1001101001100
1001101001101
1001101010000
1001101010001
1001101010010
1001101010011
1001101010100
1001101010101
1001101010110
1001101010111
1001101011000
1001101011001
1001101011100
1001101011101
1001101100000
1001101100001
1001101100010
1001101100011
1001101100100
1001101100101
1001101100110
1001101100111
1001101101000
1001101101001
1001101101100
1001101101101
1001101110000
1001101110001
1001101110010
1001101110011
1001101110100
1001101110101
1001101110110
1001101110111
1001101111000
1001101111001
1001101111100
1001101111101
1010000000000
1010000000001
1010000000010
1010000000011
1010000000100
1010000000101
1010000000110
1010000000111
1010000001000
1010000001001
1010000001100
1010000001101
1010000010000
1010000010001
1010000010010
1010000010011
1010000010100
1010000010101
1010000010110
1010000010111
1010000011000
1010000011001
1010000011100
1010000011101
1010000100000
1010000100001
1010000100010
1010000100011
1010000100100
1010000100101
1010000100110
1010000100111
1010000101000
1010000101001
1010000101100
1010000101101
1010000110000
1010000110001
1010000110010
1010000110011
1010000110100
1010000110101
1010000110110
1010000110111
1010000111000
1010000111001
1010000111100
1010000111101
1010001000000
1010001000001
1010001000010
1010001000011
1010001000100
1010001000101
1010001000110
1010001000111
1010001001000
1010001001001
1010001001100
1010001001101
1010001010000
1010001010001
1010001010010
1010001010011
1010001010100
1010001010101
1010001010110
1010001010111
1010001011000
1010001011001
1010001011100
1010001011101
1010001100000
1010001100001
1010001100010
1010001100011
1010001100100
1010001100101
1010001100110
1010001100111
1010001101000
1010001101001
1010001101100
1010001101101
1010001110000
1010001110001
1010001110010
1010001110011
1010001110100
1010001110101
1010001110110
1010001110111
1010001111000
1010001111001
1010001111100
1010001111101
1010010000000
1010010000001
1010010000010
1010010000011
1010010000100
1010010000101
1010010000110
1010010000111
1010010001000
1010010001001
1010010001100
1010010001101
1010010010000
1010010010001
1010010010010
1010010010011
1010010010100
1010010010101
1010010010110
1010010010111
1010010011000
1010010011001
1010010011100
1010010011101
1010010100000
1010010100001
1010010100010
1010010100011
1010010100100
1010010100101
1010010100110
1010010100111
1010010101000
1010010101001
1010010101100
1010010101101
1010010110000
1010010110001
1010010110010
1010010110011
1010010110100
1010010110101
1010010110110
1010010110111
1010010111000
1010010111001
1010010111100
1010010111101
1010011000000
1010011000001
1010011000010
1010011000011
1010011000100
1010011000101
1010011000110
1010011000111
1010011001000
1010011001001
1010011001100
1010011001101
1010011010000
1010011010001
1010011010010
1010011010011
1010011010100
1010011010101
1010011010110
1010011010111
1010011011000
1010011011001
1010011011100
1010011011101
1010011100000
1010011100001
1010011100010
1010011100011
1010011100100
1010011100101
1010011100110
1010011100111
1010011101000
1010011101001
1010011101100
1010011101101
1010011110000
1010011110001
1010011110010
1010011110011
1010011110100
1010011110101
1010011110110
1010011110111
1010011111000
1010011111001
1010011111100
1010011111101
1011000000000
1011000000001
1011000000010
1011000000011
1011000000100
1011000000101
1011000000110
1011000000111
1011000001000
1011000001001
1011000001100
1011000001101
1011000010000
1011000010001
1011000010010
1011000010011
1011000010100
1011000010101
1011000010110
1011000010111
1011000011000
1011000011001
1011000011100
1011000011101
1011000100000
1011000100001
1011000100010
1011000100011
1011000100100
1011000100101
1011000100110
1011000100111
1011000101000
1011000101001
1011000101100
1011000101101
1011000110000
1011000110001
1011000110010
1011000110011
1011000110100
1011000110101
1011000110110
1011000110111
1011000111000
1011000111001
1011000111100
1011000111101
1011001000000
1011001000001
1011001000010
1011001000011
1011001000100
1011001000101
1011001000110
1011001000111
1011001001000
1011001001001
1011001001100
1011001001101
1011001010000
1011001010001
1011001010010
1011001010011
1011001010100
1011001010101
1011001010110
1011001010111
1011001011000
1011001011001
1011001011100
1011001011101
1011001100000
1011001100001
1011001100010
1011001100011
1011001100100
1011001100101
1011001100110
1011001100111
1011001101000
1011001101001
1011001101100
1011001101101
1011001110000
1011001110001
1011001110010
1011001110011
1011001110100
1011001110101
1011001110110
1011001110111
1011001111000
1011001111001
1011001111100
1011001111101
1011100000000
1011100000001
1011100000010
1011100000011
1011100000100
1011100000101
1011100000110
1011100000111
1011100001000
1011100001001
1011100001100
1011100001101
1011100010000
1011100010001
1011100010010
1011100010011
1011100010100
1011100010101
1011100010110
1011100010111
1011100011000
1011100011001
1011100011100
1011100011101
1011100100000
1011100100001
1011100100010
1011100100011
1011100100100
1011100100101
1011100100110
1011100100111
1011100101000
1011100101001
1011100101100
1011100101101
1011100110000
1011100110001
1011100110010
1011100110011
1011100110100
1011100110101
1011100110110
1011100110111
1011100111000
1011100111001
1011100111100
1011100111101
1011101000000
1011101000001
1011101000010
1011101000011
1011101000100
1011101000101
1011101000110
1011101000111
1011101001000
1011101001001
1011101001100
1011101001101
1011101010000
1011101010001
1011101010010
1011101010011
1011101010100
1011101010101
1011101010110
1011101010111
1011101011000
1011101011001
1011101011100
1011101011101
1011101100000
1011101100001
1011101100010
1011101100011
1011101100100
1011101100101
1011101100110
1011101100111
1011101101000
1011101101001
1011101101100
1011101101101
1011101110000
1011101110001
1011101110010
1011101110011
1011101110100
1011101110101
1011101110110
1011101110111
1011101111000
1011101111001
1011101111100
1011101111101
1100000000000
1100000000001
1100000000010
1100000000011
1100000000100
1100000000101
1100000000110
1100000000111
1100000001000
1100000001001
1100000001100
1100000001101
1100000010000
1100000010001
1100000010010
1100000010011
1100000010100
1100000010101
1100000010110
1100000010111
1100000011000
1100000011001
1100000011100
1100000011101
1100000100000
1100000100001
1100000100010
1100000100011
1100000100100
1100000100101
1100000100110
1100000100111
1100000101000
1100000101001
1100000101100
1100000101101
1100000110000
1100000110001
1100000110010
1100000110011
1100000110100
1100000110101
1100000110110
1100000110111
1100000111000
1100000111001
1100000111100
1100000111101
1100001000000
1100001000001
1100001000010
1100001000011
1100001000100
1100001000101
1100001000110
1100001000111
1100001001000
1100001001001
1100001001100
1100001001101
1100001010000
1100001010001
1100001010010
1100001010011
1100001010100
1100001010101
1100001010110
1100001010111
1100001011000
1100001011001
1100001011100
1100001011101
1100001100000
1100001100001
1100001100010
1100001100011
1100001100100
1100001100101
1100001100110
1100001100111
1100001101000
1100001101001
1100001101100
1100001101101
1100001110000
1100001110001
1100001110010
1100001110011
1100001110100
1100001110101
1100001110110
1100001110111
1100001111000
1100001111001
1100001111100
1100001111101
1100010000000
1100010000001
1100010000010
1100010000011
1100010000100
1100010000101
1100010000110
1100010000111
1100010001000
1100010001001
1100010001100
1100010001101
1100010010000
1100010010001
1100010010010
1100010010011
1100010010100
1100010010101
1100010010110
1100010010111
1100010011000
1100010011001
1100010011100
1100010011101
1100010100000
1100010100001
1100010100010
1100010100011
1100010100100
1100010100101
1100010100110
1100010100111
1100010101000
1100010101001
1100010101100
1100010101101
1100010110000
1100010110001
1100010110010
1100010110011
1100010110100
1100010110101
1100010110110
1100010110111
1100010111000
1100010111001
1100010111100
1100010111101
1100011000000
1100011000001
1100011000010
1100011000011
1100011000100
1100011000101
1100011000110
1100011000111
1100011001000
1100011001001
1100011001100
1100011001101
1100011010000
1100011010001
1100011010010
1100011010011
1100011010100
1100011010101
1100011010110
1100011010111
1100011011000
1100011011001
1100011011100
1100011011101
1100011100000
1100011100001
1100011100010
1100011100011
1100011100100
1100011100101
1100011100110
1100011100111
1100011101000
1100011101001
1100011101100
1100011101101
1100011110000
1100011110001
1100011110010
1100011110011
1100011110100
1100011110101
1100011110110
1100011110111
1100011111000
1100011111001
1100011111100
1100011111101
1101000000000
1101000000001
1101000000010
1101000000011
1101000000100
1101000000101
1101000000110
1101000000111
1101000001000
1101000001001
1101000001100
1101000001101
1101000010000
1101000010001
1101000010010
1101000010011
1101000010100
1101000010101
1101000010110
1101000010111
1101000011000
1101000011001
1101000011100
1101000011101
1101000100000
1101000100001
1101000100010
1101000100011
1101000100100
1101000100101
1101000100110
1101000100111
1101000101000
1101000101001
1101000101100
1101000101101
1101000110000
1101000110001
1101000110010
1101000110011
1101000110100
1101000110101
1101000110110
1101000110111
1101000111000
1101000111001
1101000111100
1101000111101
1101001000000
1101001000001
1101001000010
1101001000011
1101001000100
1101001000101
1101001000110
1101001000111
1101001001000
1101001001001
1101001001100
1101001001101
1101001010000
1101001010001
1101001010010
1101001010011
1101001010100
1101001010101
1101001010110
1101001010111
1101001011000
1101001011001
1101001011100
1101001011101
1101001100000
1101001100001
1101001100010
1101001100011
1101001100100
1101001100101
1101001100110
1101001100111
1101001101000
1101001101001
1101001101100
1101001101101
1101001110000
1101001110001
1101001110010
1101001110011
1101001110100
1101001110101
1101001110110
1101001110111
1101001111000
1101001111001
1101001111100
1101001111101
1101100000000
1101100000001
1101100000010
1101100000011
1101100000100
1101100000101
1101100000110
1101100000111
1101100001000
1101100001001
1101100001100
1101100001101
1101100010000
1101100010001
1101100010010
1101100010011
1101100010100
1101100010101
1101100010110
1101100010111
1101100011000
1101100011001
1101100011100
1101100011101
1101100100000
1101100100001
1101100100010
1101100100011
1101100100100
1101100100101
1101100100110
1101100100111
1101100101000
1101100101001
1101100101100
1101100101101
1101100110000
1101100110001
1101100110010
1101100110011
1101100110100
1101100110101
1101100110110
1101100110111
1101100111000
1101100111001
1101100111100
1101100111101
1101101000000
1101101000001
1101101000010
1101101000011
1101101000100
1101101000101
1101101000110
1101101000111
1101101001000
1101101001001
1101101001100
1101101001101
1101101010000
1101101010001
1101101010010
1101101010011
1101101010100
1101101010101
1101101010110
1101101010111
1101101011000
1101101011001
1101101011100
1101101011101
1101101100000
1101101100001
1101101100010
1101101100011
1101101100100
1101101100101
1101101100110
1101101100111
1101101101000
1101101101001
1101101101100
1101101101101
1101101110000
1101101110001
1101101110010
1101101110011
1101101110100
1101101110101
1101101110110
1101101110111
1101101111000
1101101111001
1101101111100
1101101111101
1110000000000
1110000000001
1110000000010
1110000000011
1110000000100
1110000000101
1110000000110
1110000000111
1110000001000
1110000001001
1110000001100
1110000001101
1110000010000
1110000010001
1110000010010
1110000010011
1110000010100
1110000010101
1110000010110
1110000010111
1110000011000
1110000011001
1110000011100
1110000011101
1110000100000
1110000100001
1110000100010
1110000100011
1110000100100
1110000100101
1110000100110
1110000100111
1110000101000
1110000101001
1110000101100
1110000101101
1110000110000
1110000110001
1110000110010
1110000110011
1110000110100
1110000110101
1110000110110
1110000110111
1110000111000
1110000111001
1110000111100
1110000111101
1110001000000
1110001000001
1110001000010
1110001000011
1110001000100
1110001000101
1110001000110
1110001000111
1110001001000
1110001001001
1110001001100
1110001001101
1110001010000
1110001010001
1110001010010
1110001010011
1110001010100
1110001010101
1110001010110
1110001010111
1110001011000
1110001011001
1110001011100
1110001011101
1110001100000
1110001100001
1110001100010
1110001100011
1110001100100
1110001100101
1110001100110
1110001100111
1110001101000
1110001101001
1110001101100
1110001101101
1110001110000
1110001110001
1110001110010
1110001110011
1110001110100
1110001110101
1110001110110
1110001110111
1110001111000
1110001111001
1110001111100
1110001111101
1110010000000
1110010000001
1110010000010
1110010000011
1110010000100
1110010000101
1110010000110
1110010000111
1110010001000
1110010001001
1110010001100
1110010001101
1110010010000
1110010010001
1110010010010
1110010010011
1110010010100
1110010010101
1110010010110
1110010010111
1110010011000
1110010011001
1110010011100
1110010011101
1110010100000
1110010100001
1110010100010
1110010100011
1110010100100
1110010100101
1110010100110
1110010100111
1110010101000
1110010101001
1110010101100
1110010101101
1110010110000
1110010110001
1110010110010
1110010110011
1110010110100
1110010110101
1110010110110
1110010110111
1110010111000
1110010111001
1110010111100
1110010111101
1110011000000
1110011000001
1110011000010
1110011000011
1110011000100
1110011000101
1110011000110
1110011000111
1110011001000
1110011001001
1110011001100
1110011001101
1110011010000
1110011010001
1110011010010
1110011010011
1110011010100
1110011010101
1110011010110
1110011010111
1110011011000
1110011011001
1110011011100
1110011011101
1110011100000
1110011100001
1110011100010
1110011100011
1110011100100
1110011100101
1110011100110
1110011100111
1110011101000
1110011101001
1110011101100
1110011101101
1110011110000
1110011110001
1110011110010
1110011110011
1110011110100
1110011110101
1110011110110
1110011110111
1110011111000
1110011111001
1110011111100
1110011111101
1111000000000
1111000000001
1111000000010
1111000000011
1111000000100
1111000000101
1111000000110
1111000000111
1111000001000
1111000001001
1111000001100
1111000001101
1111000010000
1111000010001
1111000010010
1111000010011
1111000010100
1111000010101
1111000010110
1111000010111
1111000011000
1111000011001
1111000011100
1111000011101
1111000100000
1111000100001
1111000100010
1111000100011
1111000100100
1111000100101
1111000100110
1111000100111
1111000101000
1111000101001
1111000101100
1111000101101
1111000110000
1111000110001
1111000110010
1111000110011
1111000110100
1111000110101
1111000110110
1111000110111
1111000111000
1111000111001
1111000111100
1111000111101
1111001000000
1111001000001
1111001000010
1111001000011
1111001000100
1111001000101
1111001000110
1111001000111
1111001001000
1111001001001
1111001001100
1111001001101
1111001010000
1111001010001
1111001010010
1111001010011
1111001010100
1111001010101
1111001010110
1111001010111
1111001011000
1111001011001
1111001011100
1111001011101
1111001100000
1111001100001
1111001100010
1111001100011
1111001100100
1111001100101
1111001100110
1111001100111
1111001101000
1111001101001
1111001101100
1111001101101
1111001110000
1111001110001
1111001110010
1111001110011
1111001110100
1111001110101
1111001110110
1111001110111
1111001111000
1111001111001
1111001111100
1111001111101
1111100000000
1111100000001
1111100000010
1111100000011
1111100000100
1111100000101
1111100000110
1111100000111
1111100001000
1111100001001
1111100001100
1111100001101
1111100010000
1111100010001
1111100010010
1111100010011
1111100010100
1111100010101
1111100010110
1111100010111
1111100011000
1111100011001
1111100011100
1111100011101
1111100100000
1111100100001
1111100100010
1111100100011
1111100100100
1111100100101
1111100100110
1111100100111
1111100101000
1111100101001
1111100101100
1111100101101
1111100110000
1111100110001
1111100110010
1111100110011
1111100110100
1111100110101
1111100110110
1111100110111
1111100111000
1111100111001
1111100111100
1111100111101
1111101000000
1111101000001
1111101000010
1111101000011
1111101000100
1111101000101
1111101000110
1111101000111
1111101001000
1111101001001
1111101001100
1111101001101
1111101010000
1111101010001
1111101010010
1111101010011
1111101010100
1111101010101
1111101010110
1111101010111
1111101011000
1111101011001
1111101011100
1111101011101
1111101100000
1111101100001
1111101100010
1111101100011
1111101100100
1111101100101
1111101100110
1111101100111
1111101101000
1111101101001
1111101101100
1111101101101
1111101110000
1111101110001
1111101110010
1111101110011
1111101110100
1111101110101
1111101110110
1111101110111
1111101111000
1111101111001
1111101111100
1111101111101
